[ 2243.747842] [Project1] 11129 2242.569495358 2243.735289393
[ 2246.076159] [Project1] 11143 2244.898572952 2246.063606208
[ 2248.402033] [Project1] 11144 2247.227644366 2248.389480898
[ 2250.730026] [Project1] 11157 2249.556743052 2250.717473610
[ 2253.065826] [Project1] 11158 2251.885822902 2253.053274890
[ 2255.391648] [Project1] 11159 2254.214924887 2255.379096617
[ 2257.721339] [Project1] 11170 2256.543993850 2257.708788204
[ 2260.052743] [Project1] 11171 2258.873067604 2260.040192779
[ 2262.378980] [Project1] 11182 2261.202165686 2262.366429355
[ 2264.711939] [Project1] 11183 2263.531241688 2264.699389010
