[70849.887139] [Project1] 156338 70847.071053596 70848.259711811
[70852.271184] [Project1] 156339 70849.454477013 70850.643703315
[70854.656538] [Project1] 156340 70851.837871512 70853.029003047
[70857.038998] [Project1] 156341 70854.221273574 70855.411409075
[70859.422402] [Project1] 156342 70856.604720462 70857.794759186
[70861.807007] [Project1] 156343 70858.988081953 70860.179310370
[70864.187813] [Project1] 156344 70861.371492890 70862.560062848
[70866.571806] [Project1] 156345 70863.754896115 70864.944001272
[70868.956597] [Project1] 156346 70866.138318898 70867.328738188
[70871.338262] [Project1] 156347 70868.521715515 70869.710350001
